# success rate as function of redshift for 22.5 < I <= 24.0 from LeFevre+13 fig. 13b
# redshift  success rate
0.000       0.888
0.251       0.897
0.343       0.920
0.454       0.945
0.550       0.962
0.647       0.964
0.749       0.954
0.850       0.933
0.947       0.912
1.053       0.901
1.150       0.872
1.251       0.869
1.353       0.869
1.445       0.867
1.546       0.851
1.652       0.861
1.749       0.836
1.851       0.722
1.953       0.678
2.050       0.691
2.151       0.686
2.248       0.617
2.354       0.691
2.450       0.697
2.552       0.657
2.653       0.678
2.754       0.764
2.851       0.802
2.952       0.905
3.049       0.876
3.150       0.844
3.252       0.789
3.353       0.787
3.451       0.640
4.003       0.752
