# redshift sampling of the success rate from Lilly+09 fig. 3
0.0000
0.0059
0.0117
0.0176
0.0235
0.0294
0.0352
0.0411
0.0470
0.0528
0.0587
0.0646
0.0704
0.0763
0.0822
0.0881
0.0939
0.0998
0.1057
0.1115
0.1174
0.1233
0.1291
0.1350
0.1409
0.1468
0.1526
0.1585
0.1644
0.1702
0.1761
0.1820
0.1878
0.1937
0.1996
0.2055
0.2113
0.2172
0.2231
0.2289
0.2348
0.2407
0.2465
0.2524
0.2583
0.2642
0.2700
0.2759
0.2818
0.2876
0.2935
0.2994
0.3052
0.3111
0.3170
0.3229
0.3287
0.3346
0.3405
0.3463
0.3522
0.3581
0.3639
0.3698
0.3757
0.3816
0.3874
0.3933
0.3992
0.4050
0.4109
0.4168
0.4226
0.4285
0.4344
0.4403
0.4461
0.4520
0.4579
0.4637
0.4696
0.4755
0.4813
0.4872
0.4931
0.4990
0.5048
0.5107
0.5166
0.5224
0.5283
0.5342
0.5400
0.5459
0.5518
0.5577
0.5635
0.5694
0.5753
0.5811
0.5870
0.5929
0.5987
0.6046
0.6105
0.6164
0.6222
0.6281
0.6340
0.6398
0.6457
0.6516
0.6574
0.6633
0.6692
0.6751
0.6809
0.6868
0.6927
0.6985
0.7044
0.7103
0.7161
0.7220
0.7279
0.7338
0.7396
0.7455
0.7514
0.7572
0.7631
0.7690
0.7748
0.7807
0.7866
0.7925
0.7983
0.8042
0.8101
0.8159
0.8218
0.8277
0.8335
0.8394
0.8453
0.8512
0.8570
0.8629
0.8688
0.8746
0.8805
0.8864
0.8922
0.8981
0.9040
0.9099
0.9157
0.9216
0.9275
0.9333
0.9392
0.9451
0.9509
0.9568
0.9627
0.9686
0.9744
0.9803
0.9862
0.9920
0.9979
1.0038
1.0096
1.0155
1.0214
1.0273
1.0331
1.0390
1.0449
1.0507
1.0566
1.0625
1.0683
1.0742
1.0801
1.0860
1.0918
1.0977
1.1036
1.1094
1.1153
1.1212
1.1270
1.1329
1.1388
1.1447
1.1505
1.1564
1.1623
1.1681
1.1740
1.1799
1.1857
1.1916
1.1975
1.2034
1.2092
1.2151
1.2210
1.2268
1.2327
1.2386
1.2444
1.2503
1.2562
1.2621
1.2679
1.2738
1.2797
1.2855
1.2914
1.2973
1.3031
1.3090
1.3149
1.3208
1.3266
1.3325
1.3384
1.3442
1.3501
1.3560
1.3618
1.3677
1.3736
1.3795
1.3853
1.3912
1.3971
