# I-band sampling of the success rate from Lilly+09 fig. 3
18.000
18.015
18.029
18.044
18.059
18.073
18.088
18.102
18.117
18.132
18.146
18.161
18.176
18.190
18.205
18.220
18.234
18.249
18.264
18.278
18.293
18.307
18.322
18.337
18.351
18.366
18.381
18.395
18.410
18.425
18.439
18.454
18.469
18.483
18.498
18.512
18.527
18.542
18.556
18.571
18.586
18.600
18.615
18.630
18.644
18.659
18.674
18.688
18.703
18.717
18.732
18.747
18.761
18.776
18.791
18.805
18.820
18.835
18.849
18.864
18.879
18.893
18.908
18.922
18.937
18.952
18.966
18.981
18.996
19.010
19.025
19.040
19.054
19.069
19.084
19.098
19.113
19.127
19.142
19.157
19.171
19.186
19.201
19.215
19.230
19.245
19.259
19.274
19.289
19.303
19.318
19.332
19.347
19.362
19.376
19.391
19.406
19.420
19.435
19.450
19.464
19.479
19.494
19.508
19.523
19.537
19.552
19.567
19.581
19.596
19.611
19.625
19.640
19.655
19.669
19.684
19.699
19.713
19.728
19.742
19.757
19.772
19.786
19.801
19.816
19.830
19.845
19.860
19.874
19.889
19.903
19.918
19.933
19.947
19.962
19.977
19.991
20.006
20.021
20.035
20.050
20.065
20.079
20.094
20.108
20.123
20.138
20.152
20.167
20.182
20.196
20.211
20.226
20.240
20.255
20.270
20.284
20.299
20.313
20.328
20.343
20.357
20.372
20.387
20.401
20.416
20.431
20.445
20.460
20.475
20.489
20.504
20.518
20.533
20.548
20.562
20.577
20.592
20.606
20.621
20.636
20.650
20.665
20.680
20.694
20.709
20.723
20.738
20.753
20.767
20.782
20.797
20.811
20.826
20.841
20.855
20.870
20.885
20.899
20.914
20.928
20.943
20.958
20.972
20.987
21.002
21.016
21.031
21.046
21.060
21.075
21.090
21.104
21.119
21.133
21.148
21.163
21.177
21.192
21.207
21.221
21.236
21.251
21.265
21.280
21.295
21.309
21.324
21.338
21.353
21.368
21.382
21.397
21.412
21.426
21.441
21.456
21.470
21.485
21.500
21.514
21.529
21.543
21.558
21.573
21.587
21.602
21.617
21.631
21.646
21.661
21.675
21.690
21.704
21.719
21.734
21.748
21.763
21.778
21.792
21.807
21.822
21.836
21.851
21.866
21.880
21.895
21.909
21.924
21.939
21.953
21.968
21.983
21.997
22.012
22.027
22.041
22.056
22.071
22.085
22.100
22.114
22.129
22.144
22.158
22.173
22.188
22.202
22.217
22.232
22.246
22.261
22.276
22.290
22.305
22.319
22.334
22.349
22.363
22.378
22.393
